[[[NEW TRACK]]]
47.445187,-121.422000,969.700000,2026-05-09T16:39:16Z
47.445226,-121.421699,968.000000,2026-05-09T16:40:00Z
47.445304,-121.421430,976.000000,2026-05-09T16:40:25Z
47.445307,-121.421314,978.000000,2026-05-09T16:40:35Z
47.445239,-121.420946,980.000000,2026-05-09T16:41:18Z
47.445250,-121.420791,975.000000,2026-05-09T16:41:39Z
47.445207,-121.420733,980.000000,2026-05-09T16:41:49Z
47.445225,-121.420711,981.000000,2026-05-09T16:41:53Z
47.445224,-121.420661,982.000000,2026-05-09T16:41:57Z
47.445271,-121.420615,984.000000,2026-05-09T16:42:05Z
47.445292,-121.420578,984.000000,2026-05-09T16:42:08Z
47.445298,-121.420539,985.000000,2026-05-09T16:42:12Z
47.445258,-121.420630,988.200000,2026-05-09T16:42:14Z
47.445247,-121.420370,990.000000,2026-05-09T16:42:43Z
47.445293,-121.420323,992.000000,2026-05-09T16:42:52Z
47.445304,-121.420210,996.000000,2026-05-09T16:43:05Z
47.445344,-121.420185,999.000000,2026-05-09T16:43:10Z
47.445312,-121.420206,997.000000,2026-05-09T16:43:13Z
47.445343,-121.420156,996.000000,2026-05-09T16:43:26Z
47.445341,-121.420109,1000.000000,2026-05-09T16:43:34Z
47.445406,-121.420034,1001.600000,2026-05-09T16:43:45Z
47.445388,-121.420047,1002.000000,2026-05-09T16:43:46Z
47.445397,-121.420042,1000.000000,2026-05-09T16:43:49Z
47.445416,-121.419968,1005.000000,2026-05-09T16:44:02Z
47.445397,-121.419912,1007.400000,2026-05-09T16:44:04Z
47.445420,-121.419874,1011.000000,2026-05-09T16:44:15Z
47.445433,-121.419809,1011.000000,2026-05-09T16:44:23Z
47.445464,-121.419772,1010.000000,2026-05-09T16:44:30Z
47.445472,-121.419743,1014.700000,2026-05-09T16:44:35Z
47.445497,-121.419759,1012.000000,2026-05-09T16:44:40Z
47.445524,-121.419716,1013.000000,2026-05-09T16:44:48Z
47.445559,-121.419717,1015.000000,2026-05-09T16:44:53Z
47.445561,-121.419680,1016.000000,2026-05-09T16:44:57Z
47.445591,-121.419672,1015.000000,2026-05-09T16:45:01Z
47.445581,-121.419587,1018.000000,2026-05-09T16:45:11Z
47.445562,-121.419605,1015.000000,2026-05-09T16:45:18Z
47.445621,-121.419658,1018.000000,2026-05-09T16:45:32Z
47.445660,-121.419619,1020.000000,2026-05-09T16:45:48Z
47.445769,-121.419626,1022.000000,2026-05-09T16:46:13Z
47.445811,-121.419598,1022.000000,2026-05-09T16:46:22Z
47.445856,-121.419621,1020.000000,2026-05-09T16:46:30Z
47.445890,-121.419552,1024.000000,2026-05-09T16:46:37Z
47.445916,-121.419570,1025.200000,2026-05-09T16:46:38Z
47.445906,-121.419615,1025.000000,2026-05-09T16:46:40Z
47.445902,-121.419570,1025.000000,2026-05-09T16:46:43Z
47.445915,-121.419626,1026.000000,2026-05-09T16:46:55Z
47.445931,-121.419594,1028.200000,2026-05-09T16:46:59Z
47.445976,-121.419631,1026.000000,2026-05-09T16:47:06Z
47.445986,-121.419601,1029.000000,2026-05-09T16:47:16Z
47.446029,-121.419599,1030.000000,2026-05-09T16:47:22Z
47.446041,-121.419570,1030.000000,2026-05-09T16:47:27Z
47.446052,-121.419476,1032.000000,2026-05-09T16:47:38Z
47.446085,-121.419477,1038.400000,2026-05-09T16:47:46Z
47.446098,-121.419487,1038.000000,2026-05-09T16:47:50Z
47.446153,-121.419448,1039.000000,2026-05-09T16:48:01Z
47.446151,-121.419402,1038.000000,2026-05-09T16:48:14Z
47.446161,-121.419371,1035.000000,2026-05-09T16:48:22Z
47.446138,-121.419357,1038.000000,2026-05-09T16:48:32Z
47.446136,-121.419450,1041.000000,2026-05-09T16:48:48Z
47.446166,-121.419455,1037.000000,2026-05-09T16:49:02Z
47.446071,-121.419408,1040.000000,2026-05-09T16:49:08Z
47.446135,-121.419393,1040.000000,2026-05-09T16:49:11Z
47.446167,-121.419395,1041.000000,2026-05-09T16:49:13Z
47.446198,-121.419372,1038.000000,2026-05-09T16:49:18Z
47.446219,-121.419346,1041.400000,2026-05-09T16:49:21Z
47.446185,-121.419381,1041.000000,2026-05-09T16:49:23Z
47.446206,-121.419309,1042.000000,2026-05-09T16:49:26Z
47.446242,-121.419272,1041.000000,2026-05-09T16:49:34Z
47.446234,-121.419264,1042.000000,2026-05-09T16:49:38Z
47.446259,-121.419194,1042.000000,2026-05-09T16:49:43Z
47.446211,-121.419241,1042.000000,2026-05-09T16:49:47Z
47.446173,-121.419208,1042.000000,2026-05-09T16:49:53Z
47.446177,-121.419153,1044.000000,2026-05-09T16:50:02Z
47.446149,-121.419114,1045.000000,2026-05-09T16:50:08Z
47.446089,-121.418981,1051.000000,2026-05-09T16:50:24Z
47.446123,-121.418988,1049.000000,2026-05-09T16:50:45Z
47.446146,-121.418940,1057.300000,2026-05-09T16:51:19Z
47.446161,-121.418929,1055.000000,2026-05-09T16:51:23Z
47.446155,-121.418949,1056.000000,2026-05-09T16:51:28Z
47.446155,-121.418907,1058.000000,2026-05-09T16:51:30Z
47.446170,-121.418874,1057.000000,2026-05-09T16:51:34Z
47.446166,-121.418805,1060.000000,2026-05-09T16:51:51Z
47.446205,-121.418784,1061.000000,2026-05-09T16:52:09Z
47.446214,-121.418740,1066.000000,2026-05-09T16:52:22Z
47.446237,-121.418763,1067.500000,2026-05-09T16:52:24Z
47.446219,-121.418722,1064.000000,2026-05-09T16:52:34Z
47.446267,-121.418708,1071.000000,2026-05-09T16:53:02Z
47.446269,-121.418672,1071.200000,2026-05-09T16:53:06Z
47.446303,-121.418701,1060.000000,2026-05-09T16:53:28Z
47.446351,-121.418669,1072.000000,2026-05-09T16:53:49Z
47.446378,-121.418668,1072.000000,2026-05-09T16:53:59Z
47.446417,-121.418615,1079.000000,2026-05-09T16:54:19Z
47.446415,-121.418579,1080.000000,2026-05-09T16:54:24Z
47.446441,-121.418599,1080.000000,2026-05-09T16:54:32Z
47.446525,-121.418587,1085.000000,2026-05-09T16:54:49Z
47.446493,-121.418598,1087.500000,2026-05-09T16:54:53Z
47.446510,-121.418534,1086.000000,2026-05-09T16:55:11Z
47.446549,-121.418495,1098.000000,2026-05-09T16:55:32Z
47.446584,-121.418495,1098.000000,2026-05-09T16:55:41Z
47.446601,-121.418468,1098.000000,2026-05-09T16:55:47Z
47.446640,-121.418446,1106.000000,2026-05-09T16:56:12Z
47.446734,-121.418363,1103.000000,2026-05-09T16:57:36Z
47.446739,-121.418283,1114.000000,2026-05-09T16:58:24Z
47.446716,-121.418232,1116.000000,2026-05-09T16:58:37Z
47.446739,-121.418127,1123.000000,2026-05-09T16:58:59Z
47.446731,-121.418096,1126.900000,2026-05-09T16:59:09Z
47.446736,-121.418048,1122.000000,2026-05-09T16:59:29Z
47.446697,-121.418029,1126.000000,2026-05-09T16:59:49Z
47.446670,-121.417998,1120.000000,2026-05-09T16:59:58Z
47.446664,-121.417966,1120.000000,2026-05-09T17:00:10Z
47.446619,-121.417926,1130.000000,2026-05-09T17:00:30Z
47.446585,-121.417845,1132.000000,2026-05-09T17:00:42Z
47.446566,-121.417760,1131.000000,2026-05-09T17:01:14Z
47.446536,-121.417734,1137.000000,2026-05-09T17:01:53Z
47.446525,-121.417671,1140.000000,2026-05-09T17:03:17Z
47.446488,-121.417624,1144.000000,2026-05-09T17:03:26Z
47.446503,-121.417443,1149.000000,2026-05-09T17:03:54Z
47.446476,-121.417413,1152.000000,2026-05-09T17:04:04Z
47.446454,-121.417314,1157.000000,2026-05-09T17:04:28Z
47.446494,-121.417253,1157.000000,2026-05-09T17:04:41Z
47.446526,-121.417235,1160.000000,2026-05-09T17:04:48Z
47.446558,-121.417248,1157.000000,2026-05-09T17:04:55Z
47.446600,-121.417207,1163.000000,2026-05-09T17:05:15Z
47.446681,-121.417199,1155.000000,2026-05-09T17:05:42Z
47.446726,-121.417246,1165.000000,2026-05-09T17:06:18Z
47.446790,-121.417211,1168.000000,2026-05-09T17:06:43Z
47.446870,-121.417225,1159.000000,2026-05-09T17:07:01Z
47.446838,-121.417158,1176.000000,2026-05-09T17:07:40Z
47.446812,-121.417142,1181.000000,2026-05-09T17:07:46Z
47.446848,-121.417096,1182.000000,2026-05-09T17:08:03Z
47.446911,-121.417142,1180.000000,2026-05-09T17:08:29Z
47.446985,-121.417150,1185.000000,2026-05-09T17:08:54Z
47.447037,-121.417212,1187.000000,2026-05-09T17:09:04Z
47.447083,-121.417181,1182.000000,2026-05-09T17:09:19Z
47.447198,-121.417231,1191.000000,2026-05-09T17:09:53Z
47.447264,-121.417241,1190.000000,2026-05-09T17:10:07Z
47.447299,-121.417265,1195.000000,2026-05-09T17:10:19Z
47.447367,-121.417262,1200.000000,2026-05-09T17:10:32Z
47.447395,-121.417248,1201.000000,2026-05-09T17:10:41Z
47.447386,-121.417291,1205.000000,2026-05-09T17:11:10Z
47.447347,-121.417303,1208.000000,2026-05-09T17:11:20Z
47.447315,-121.417229,1205.000000,2026-05-09T17:11:32Z
47.447291,-121.417202,1205.000000,2026-05-09T17:11:35Z
47.447280,-121.417146,1201.000000,2026-05-09T17:11:45Z
47.447213,-121.417039,1207.000000,2026-05-09T17:12:15Z
47.447277,-121.417036,1206.000000,2026-05-09T17:12:22Z
47.447225,-121.417039,1206.000000,2026-05-09T17:12:26Z
47.447198,-121.416995,1208.000000,2026-05-09T17:12:29Z
47.447264,-121.416988,1208.000000,2026-05-09T17:12:31Z
47.447273,-121.417017,1209.000000,2026-05-09T17:12:34Z
47.447239,-121.417047,1205.000000,2026-05-09T17:12:38Z
47.447328,-121.416978,1206.000000,2026-05-09T17:12:51Z
47.447308,-121.417003,1205.000000,2026-05-09T17:12:58Z
47.447324,-121.417042,1208.000000,2026-05-09T17:13:13Z
47.447342,-121.417023,1216.000000,2026-05-09T17:13:23Z
47.447316,-121.417059,1226.000000,2026-05-09T17:13:38Z
47.447320,-121.416995,1226.200000,2026-05-09T17:13:49Z
47.447293,-121.417009,1226.200000,2026-05-09T17:13:50Z
47.447304,-121.416968,1226.100000,2026-05-09T17:13:51Z
47.447253,-121.416857,1218.000000,2026-05-09T17:14:03Z
47.447239,-121.416778,1221.000000,2026-05-09T17:14:10Z
47.447262,-121.416768,1220.000000,2026-05-09T17:14:15Z
47.447240,-121.416718,1220.000000,2026-05-09T17:14:22Z
47.447232,-121.416669,1218.000000,2026-05-09T17:14:41Z
47.447277,-121.416620,1224.000000,2026-05-09T17:15:10Z
47.447305,-121.416678,1229.000000,2026-05-09T17:15:21Z
47.447352,-121.416674,1230.000000,2026-05-09T17:15:41Z
47.447362,-121.416648,1227.000000,2026-05-09T17:15:49Z
47.447473,-121.416677,1233.000000,2026-05-09T17:16:13Z
47.447517,-121.416678,1215.000000,2026-05-09T17:16:32Z
47.447496,-121.416610,1232.000000,2026-05-09T17:17:05Z
47.447582,-121.416623,1239.000000,2026-05-09T17:17:29Z
47.447603,-121.416598,1240.000000,2026-05-09T17:17:37Z
47.447632,-121.416585,1242.000000,2026-05-09T17:17:46Z
47.447706,-121.416578,1248.000000,2026-05-09T17:17:55Z
47.447711,-121.416539,1248.000000,2026-05-09T17:17:59Z
47.447765,-121.416445,1248.000000,2026-05-09T17:18:18Z
47.447899,-121.416445,1251.000000,2026-05-09T17:18:43Z
47.448004,-121.416418,1254.000000,2026-05-09T17:19:50Z
47.448004,-121.416385,1253.000000,2026-05-09T17:20:00Z
47.448043,-121.416311,1262.000000,2026-05-09T17:20:10Z
47.448092,-121.416308,1266.000000,2026-05-09T17:20:18Z
47.448046,-121.416328,1266.000000,2026-05-09T17:20:22Z
47.448074,-121.416247,1261.000000,2026-05-09T17:20:32Z
47.448083,-121.416171,1263.000000,2026-05-09T17:20:42Z
47.448121,-121.416174,1265.000000,2026-05-09T17:20:48Z
47.448163,-121.416108,1266.000000,2026-05-09T17:21:01Z
47.448168,-121.416021,1269.000000,2026-05-09T17:21:10Z
47.448183,-121.416092,1272.000000,2026-05-09T17:21:16Z
47.448222,-121.416075,1268.000000,2026-05-09T17:21:26Z
47.448209,-121.416021,1272.200000,2026-05-09T17:21:38Z
47.448280,-121.416035,1271.000000,2026-05-09T17:22:01Z
47.448396,-121.415983,1273.000000,2026-05-09T17:22:46Z
47.448418,-121.415926,1279.000000,2026-05-09T17:23:12Z
47.448451,-121.415931,1274.000000,2026-05-09T17:23:20Z
47.448508,-121.415897,1280.000000,2026-05-09T17:23:30Z
47.448528,-121.415869,1279.000000,2026-05-09T17:23:37Z
47.448588,-121.415865,1280.000000,2026-05-09T17:23:47Z
47.448626,-121.415819,1280.000000,2026-05-09T17:24:03Z
47.448656,-121.415755,1288.000000,2026-05-09T17:24:21Z
47.448698,-121.415710,1295.000000,2026-05-09T17:24:37Z
47.448717,-121.415723,1296.000000,2026-05-09T17:24:40Z
47.448749,-121.415653,1295.000000,2026-05-09T17:24:51Z
47.448784,-121.415611,1296.000000,2026-05-09T17:25:11Z
47.448784,-121.415583,1295.000000,2026-05-09T17:25:19Z
47.448876,-121.415511,1299.000000,2026-05-09T17:25:50Z
47.448904,-121.415475,1301.000000,2026-05-09T17:26:06Z
47.448867,-121.415439,1302.000000,2026-05-09T17:26:13Z
47.448907,-121.415419,1301.000000,2026-05-09T17:26:23Z
47.448898,-121.415370,1304.000000,2026-05-09T17:26:34Z
47.448902,-121.415340,1302.000000,2026-05-09T17:27:19Z
47.448942,-121.415343,1307.000000,2026-05-09T17:27:53Z
47.448949,-121.415300,1308.000000,2026-05-09T17:27:58Z
47.448927,-121.415268,1309.000000,2026-05-09T17:28:05Z
47.448959,-121.415212,1318.000000,2026-05-09T17:28:32Z
47.448934,-121.415173,1323.000000,2026-05-09T17:28:45Z
47.448906,-121.415161,1320.000000,2026-05-09T17:28:50Z
47.448938,-121.415098,1320.000000,2026-05-09T17:29:11Z
47.448977,-121.415094,1319.000000,2026-05-09T17:29:26Z
47.449006,-121.415050,1328.000000,2026-05-09T17:30:05Z
47.449037,-121.415039,1329.200000,2026-05-09T17:30:07Z
47.449005,-121.415032,1328.000000,2026-05-09T17:30:09Z
47.449006,-121.414985,1320.000000,2026-05-09T17:30:19Z
47.448995,-121.414954,1325.000000,2026-05-09T17:30:28Z
47.448964,-121.414932,1327.200000,2026-05-09T17:30:31Z
47.449002,-121.414957,1326.000000,2026-05-09T17:30:33Z
47.449073,-121.414889,1332.000000,2026-05-09T17:31:13Z
47.449060,-121.414895,1333.100000,2026-05-09T17:31:20Z
47.449095,-121.414879,1329.000000,2026-05-09T17:31:26Z
47.449100,-121.414777,1336.000000,2026-05-09T17:31:58Z
47.449127,-121.414807,1336.000000,2026-05-09T17:32:05Z
47.449127,-121.414771,1336.000000,2026-05-09T17:32:15Z
47.449165,-121.414768,1338.000000,2026-05-09T17:32:22Z
47.449149,-121.414782,1340.000000,2026-05-09T17:32:29Z
47.449142,-121.414720,1340.800000,2026-05-09T17:32:41Z
47.449210,-121.414750,1348.000000,2026-05-09T17:33:11Z
47.449246,-121.414641,1352.000000,2026-05-09T17:33:40Z
47.449269,-121.414629,1352.000000,2026-05-09T17:33:46Z
47.449273,-121.414665,1353.000000,2026-05-09T17:33:52Z
47.449306,-121.414681,1350.000000,2026-05-09T17:33:58Z
47.449325,-121.414719,1348.000000,2026-05-09T17:34:07Z
47.449365,-121.414700,1347.000000,2026-05-09T17:34:20Z
47.449409,-121.414730,1348.000000,2026-05-09T17:34:26Z
47.449530,-121.414903,1354.000000,2026-05-09T17:35:04Z
47.449528,-121.414865,1351.000000,2026-05-09T17:35:20Z
47.449536,-121.414905,1344.000000,2026-05-09T17:35:31Z
47.449524,-121.414867,1350.000000,2026-05-09T17:36:18Z
47.449574,-121.414920,1344.000000,2026-05-09T17:36:44Z
47.449592,-121.414956,1348.000000,2026-05-09T17:36:56Z
47.449618,-121.414925,1344.000000,2026-05-09T17:37:08Z
47.449614,-121.414939,1344.000000,2026-05-09T17:37:21Z
47.449666,-121.414990,1348.000000,2026-05-09T17:37:32Z
47.449675,-121.414968,1347.000000,2026-05-09T17:37:45Z
47.449662,-121.414914,1352.000000,2026-05-09T17:37:58Z
47.449686,-121.414866,1356.100000,2026-05-09T17:38:03Z
47.449693,-121.414896,1354.000000,2026-05-09T17:38:07Z
47.449725,-121.414886,1351.000000,2026-05-09T17:38:17Z
47.449723,-121.414935,1342.000000,2026-05-09T17:38:41Z
47.449717,-121.414886,1356.000000,2026-05-09T17:38:56Z
47.449755,-121.414902,1356.000000,2026-05-09T17:39:06Z
47.449794,-121.414938,1360.000000,2026-05-09T17:39:29Z
47.449812,-121.414907,1354.000000,2026-05-09T17:39:39Z
47.449807,-121.414851,1363.000000,2026-05-09T17:39:49Z
47.449822,-121.414911,1365.000000,2026-05-09T17:40:25Z
47.449801,-121.414942,1371.000000,2026-05-09T17:40:33Z
47.449813,-121.414895,1370.000000,2026-05-09T17:40:38Z
47.449891,-121.414969,1371.000000,2026-05-09T17:40:56Z
47.449922,-121.414944,1371.000000,2026-05-09T17:40:59Z
47.449929,-121.414878,1371.000000,2026-05-09T17:41:04Z
47.449934,-121.414910,1370.000000,2026-05-09T17:41:08Z
47.449985,-121.414970,1372.000000,2026-05-09T17:41:12Z
47.449936,-121.414868,1370.000000,2026-05-09T17:41:22Z
47.449912,-121.414908,1374.000000,2026-05-09T17:41:28Z
47.449940,-121.414845,1365.000000,2026-05-09T17:41:47Z
47.449968,-121.414822,1378.000000,2026-05-09T17:42:04Z
47.450017,-121.414815,1376.000000,2026-05-09T17:42:26Z
47.450065,-121.414773,1380.000000,2026-05-09T17:42:39Z
47.450090,-121.414720,1380.000000,2026-05-09T17:42:42Z
47.450058,-121.414740,1372.000000,2026-05-09T17:42:50Z
47.450088,-121.414725,1384.000000,2026-05-09T17:42:59Z
47.450091,-121.414781,1386.000000,2026-05-09T17:43:02Z
47.450072,-121.414703,1391.000000,2026-05-09T17:43:19Z
47.450098,-121.414673,1391.000000,2026-05-09T17:43:25Z
47.450129,-121.414756,1390.000000,2026-05-09T17:43:32Z
47.450157,-121.414783,1386.000000,2026-05-09T17:43:39Z
47.450169,-121.414823,1390.000000,2026-05-09T17:43:49Z
47.450231,-121.414691,1391.000000,2026-05-09T17:44:21Z
47.450246,-121.414723,1395.000000,2026-05-09T17:44:35Z
47.450281,-121.414689,1404.000000,2026-05-09T17:44:53Z
47.450300,-121.414741,1404.000000,2026-05-09T17:45:01Z
47.450274,-121.414758,1407.000000,2026-05-09T17:45:07Z
47.450252,-121.414734,1402.000000,2026-05-09T17:45:13Z
47.450335,-121.414761,1405.000000,2026-05-09T17:45:22Z
47.450328,-121.414711,1404.000000,2026-05-09T17:45:39Z
47.450304,-121.414706,1408.200000,2026-05-09T17:45:52Z
47.450324,-121.414726,1404.000000,2026-05-09T17:45:57Z
47.450354,-121.414724,1404.000000,2026-05-09T17:46:11Z
47.450326,-121.414741,1408.600000,2026-05-09T17:46:18Z
47.450354,-121.414773,1408.000000,2026-05-09T17:46:21Z
47.450370,-121.414692,1408.000000,2026-05-09T17:46:30Z
47.450382,-121.414782,1410.000000,2026-05-09T17:46:35Z
47.450411,-121.414800,1413.000000,2026-05-09T17:46:42Z
47.450355,-121.414790,1416.000000,2026-05-09T17:46:48Z
47.450381,-121.414773,1419.000000,2026-05-09T17:46:57Z
47.450369,-121.414711,1421.200000,2026-05-09T17:47:04Z
47.450357,-121.414741,1420.000000,2026-05-09T17:47:05Z
47.450373,-121.414798,1418.000000,2026-05-09T17:47:07Z
47.450399,-121.414765,1418.000000,2026-05-09T17:47:10Z
47.450420,-121.414819,1420.000000,2026-05-09T17:47:43Z
47.450457,-121.414805,1423.000000,2026-05-09T17:48:12Z
47.450451,-121.414882,1425.900000,2026-05-09T17:48:15Z
47.450477,-121.414799,1420.000000,2026-05-09T17:48:24Z
47.450467,-121.414837,1424.000000,2026-05-09T17:48:40Z
47.450433,-121.414817,1430.000000,2026-05-09T17:48:54Z
47.450437,-121.414866,1423.000000,2026-05-09T17:49:09Z
47.450433,-121.414807,1420.000000,2026-05-09T17:49:22Z
47.450366,-121.414895,1420.000000,2026-05-09T17:49:42Z
47.450369,-121.414927,1421.000000,2026-05-09T17:49:48Z
47.450434,-121.414992,1422.000000,2026-05-09T17:50:11Z
47.450458,-121.414974,1423.000000,2026-05-09T17:50:44Z
47.450486,-121.414948,1429.000000,2026-05-09T17:50:58Z
47.450451,-121.415044,1429.000000,2026-05-09T17:51:10Z
47.450465,-121.415096,1428.000000,2026-05-09T17:51:18Z
47.450480,-121.415059,1428.000000,2026-05-09T17:51:21Z
47.450518,-121.415145,1434.000000,2026-05-09T17:51:35Z
47.450490,-121.415208,1431.000000,2026-05-09T17:51:55Z
47.450529,-121.415206,1434.000000,2026-05-09T17:52:17Z
47.450533,-121.415241,1435.000000,2026-05-09T17:52:23Z
47.450626,-121.415150,1442.000000,2026-05-09T17:52:54Z
47.450704,-121.415096,1450.000000,2026-05-09T17:53:11Z
47.450702,-121.415066,1448.000000,2026-05-09T17:53:25Z
47.450817,-121.414949,1452.000000,2026-05-09T17:53:53Z
47.450851,-121.414941,1452.000000,2026-05-09T17:54:03Z
47.450891,-121.415041,1456.000000,2026-05-09T17:54:15Z
47.450919,-121.415058,1455.000000,2026-05-09T17:54:19Z
47.450959,-121.415059,1456.000000,2026-05-09T17:54:24Z
47.450991,-121.415049,1455.000000,2026-05-09T17:54:28Z
47.451020,-121.415027,1456.000000,2026-05-09T17:54:32Z
47.451049,-121.414939,1456.000000,2026-05-09T17:55:04Z
47.451053,-121.414892,1458.000000,2026-05-09T17:55:08Z
47.451092,-121.414892,1455.000000,2026-05-09T17:55:17Z
47.451132,-121.414764,1456.000000,2026-05-09T17:55:56Z
47.451120,-121.414722,1464.000000,2026-05-09T17:56:05Z
47.451154,-121.414746,1464.000000,2026-05-09T17:56:16Z
47.451163,-121.414690,1471.000000,2026-05-09T17:56:31Z
47.451236,-121.414675,1470.000000,2026-05-09T17:56:40Z
47.451206,-121.414660,1473.600000,2026-05-09T17:56:41Z
47.451215,-121.414622,1467.000000,2026-05-09T17:56:58Z
47.451274,-121.414586,1476.000000,2026-05-09T17:57:25Z
47.451306,-121.414585,1477.000000,2026-05-09T17:57:47Z
47.451343,-121.414621,1481.000000,2026-05-09T17:58:24Z
47.451325,-121.414687,1485.000000,2026-05-09T17:58:47Z
47.451356,-121.414791,1488.000000,2026-05-09T17:59:12Z
47.451384,-121.414809,1485.000000,2026-05-09T17:59:23Z
47.451412,-121.414776,1490.000000,2026-05-09T17:59:28Z
47.451427,-121.414707,1491.000000,2026-05-09T17:59:33Z
47.451505,-121.414600,1491.000000,2026-05-09T17:59:49Z
47.451549,-121.414620,1495.000000,2026-05-09T18:00:05Z
47.451574,-121.414653,1495.000000,2026-05-09T18:00:14Z
47.451613,-121.414663,1494.000000,2026-05-09T18:00:22Z
47.451705,-121.414640,1497.000000,2026-05-09T18:00:55Z
47.451741,-121.414685,1498.000000,2026-05-09T18:01:02Z
47.451858,-121.414717,1500.000000,2026-05-09T18:01:22Z
47.451894,-121.414645,1504.000000,2026-05-09T18:01:39Z
47.451929,-121.414643,1504.000000,2026-05-09T18:01:52Z
47.451957,-121.414707,1505.000000,2026-05-09T18:02:12Z
47.451960,-121.414764,1505.000000,2026-05-09T18:02:17Z
47.452005,-121.414771,1508.000000,2026-05-09T18:02:24Z
47.452033,-121.414751,1505.000000,2026-05-09T18:02:29Z
47.452038,-121.414711,1511.000000,2026-05-09T18:02:34Z
47.452060,-121.414699,1510.000000,2026-05-09T18:02:45Z
47.452072,-121.414646,1512.000000,2026-05-09T18:02:54Z
47.452099,-121.414633,1514.000000,2026-05-09T18:03:02Z
47.452110,-121.414677,1512.000000,2026-05-09T18:03:10Z
47.452162,-121.414592,1515.000000,2026-05-09T18:03:27Z
47.452192,-121.414603,1516.000000,2026-05-09T18:03:37Z
47.452196,-121.414657,1519.000000,2026-05-09T18:03:51Z
47.452221,-121.414639,1520.000000,2026-05-09T18:03:57Z
47.452252,-121.414710,1520.000000,2026-05-09T18:04:15Z
47.452282,-121.414915,1530.000000,2026-05-09T18:05:02Z
47.452292,-121.414950,1528.000000,2026-05-09T18:05:11Z
47.452316,-121.414946,1530.000000,2026-05-09T18:05:24Z
47.452348,-121.415102,1540.000000,2026-05-09T18:06:12Z
47.452379,-121.415115,1538.000000,2026-05-09T18:06:25Z
47.452403,-121.415072,1540.000000,2026-05-09T18:06:37Z
47.452405,-121.415124,1544.000000,2026-05-09T18:06:47Z
47.452437,-121.415127,1541.000000,2026-05-09T18:07:01Z
47.452468,-121.415144,1547.000000,2026-05-09T18:07:42Z
47.452499,-121.415087,1549.000000,2026-05-09T18:08:34Z
47.452532,-121.415051,1549.000000,2026-05-09T18:09:05Z
47.452561,-121.415079,1556.000000,2026-05-09T18:09:18Z
47.452602,-121.415070,1560.000000,2026-05-09T18:09:37Z
47.452624,-121.415093,1557.000000,2026-05-09T18:10:01Z
47.452637,-121.415215,1566.000000,2026-05-09T18:11:15Z
47.452675,-121.415197,1564.000000,2026-05-09T18:12:10Z
47.452686,-121.415223,1571.000000,2026-05-09T18:13:45Z
47.452722,-121.415252,1571.000000,2026-05-09T18:14:17Z
47.452744,-121.415311,1575.000000,2026-05-09T18:14:29Z
47.452776,-121.415269,1574.000000,2026-05-09T18:14:39Z
47.452807,-121.415404,1580.000000,2026-05-09T18:15:13Z
47.452838,-121.415334,1583.400000,2026-05-09T18:15:33Z
47.452851,-121.415367,1578.000000,2026-05-09T18:15:39Z
47.452874,-121.415354,1583.000000,2026-05-09T18:15:49Z
47.452886,-121.415389,1585.000000,2026-05-09T18:16:02Z
47.452924,-121.415383,1585.000000,2026-05-09T18:16:18Z
47.452935,-121.415427,1584.000000,2026-05-09T18:16:30Z
47.453038,-121.415291,1596.000000,2026-05-09T18:17:09Z
47.453082,-121.415295,1600.000000,2026-05-09T18:17:48Z
47.453108,-121.415273,1600.000000,2026-05-09T18:18:01Z
47.453130,-121.415346,1604.000000,2026-05-09T18:18:22Z
47.453156,-121.415306,1601.000000,2026-05-09T18:18:48Z
47.453187,-121.415296,1608.000000,2026-05-09T18:19:00Z
47.453218,-121.415301,1606.000000,2026-05-09T18:19:18Z
47.453243,-121.415257,1610.000000,2026-05-09T18:19:30Z
47.453284,-121.415265,1612.000000,2026-05-09T18:19:49Z
47.453309,-121.415323,1607.000000,2026-05-09T18:20:01Z
47.453308,-121.415289,1615.000000,2026-05-09T18:20:13Z
47.453348,-121.415302,1615.000000,2026-05-09T18:20:27Z
47.453392,-121.415399,1619.000000,2026-05-09T18:20:49Z
47.453463,-121.415361,1626.000000,2026-05-09T18:21:16Z
47.453461,-121.415330,1626.000000,2026-05-09T18:21:20Z
47.453489,-121.415290,1628.000000,2026-05-09T18:21:41Z
47.453525,-121.415270,1630.000000,2026-05-09T18:22:00Z
47.453553,-121.415318,1627.000000,2026-05-09T18:22:19Z
47.453586,-121.415264,1633.000000,2026-05-09T18:22:34Z
47.453639,-121.415332,1631.000000,2026-05-09T18:22:49Z
47.453740,-121.415165,1640.000000,2026-05-09T18:23:58Z
47.453787,-121.415162,1644.000000,2026-05-09T18:24:14Z
47.453820,-121.415132,1650.000000,2026-05-09T18:24:24Z
47.453868,-121.415188,1650.000000,2026-05-09T18:24:40Z
47.453915,-121.415202,1652.000000,2026-05-09T18:24:55Z
47.453927,-121.415157,1654.000000,2026-05-09T18:25:14Z
47.453958,-121.415122,1656.000000,2026-05-09T18:25:45Z
47.454095,-121.415117,1663.000000,2026-05-09T18:26:23Z
47.454102,-121.415076,1665.000000,2026-05-09T18:26:36Z
47.454199,-121.415103,1667.000000,2026-05-09T18:27:06Z
47.454196,-121.415051,1661.000000,2026-05-09T18:27:15Z
47.454227,-121.414990,1668.000000,2026-05-09T18:27:27Z
47.454349,-121.414928,1678.000000,2026-05-09T18:28:12Z
47.454362,-121.414942,1675.000000,2026-05-09T18:28:19Z
47.454440,-121.414906,1679.000000,2026-05-09T18:28:49Z
47.454478,-121.414932,1681.000000,2026-05-09T18:31:21Z
47.454523,-121.414932,1683.000000,2026-05-09T18:31:26Z
47.454595,-121.415017,1683.000000,2026-05-09T18:31:47Z
47.454667,-121.415034,1687.000000,2026-05-09T18:32:01Z
47.454683,-121.415094,1687.000000,2026-05-09T18:32:13Z
47.454739,-121.415085,1692.000000,2026-05-09T18:32:44Z
47.454748,-121.415051,1692.000000,2026-05-09T18:33:34Z
47.454791,-121.415078,1695.600000,2026-05-09T18:33:38Z
47.454786,-121.415097,1694.000000,2026-05-09T18:33:44Z
47.454868,-121.415142,1695.000000,2026-05-09T18:34:21Z
47.454921,-121.415134,1694.000000,2026-05-09T18:34:33Z
47.454965,-121.415172,1695.000000,2026-05-09T18:34:44Z
47.455025,-121.415195,1690.000000,2026-05-09T18:34:58Z
47.455064,-121.415197,1701.000000,2026-05-09T18:35:09Z
47.455176,-121.415322,1704.000000,2026-05-09T18:36:15Z
47.455211,-121.415329,1706.000000,2026-05-09T18:36:24Z
47.455218,-121.415359,1704.000000,2026-05-09T18:36:34Z
47.455301,-121.415459,1711.900000,2026-05-09T18:37:16Z
47.455249,-121.415450,1710.000000,2026-05-09T18:37:18Z
47.455267,-121.415448,1710.000000,2026-05-09T18:37:21Z
47.455302,-121.415377,1704.000000,2026-05-09T18:37:36Z
47.455394,-121.415414,1716.000000,2026-05-09T18:38:07Z
47.455457,-121.415424,1718.000000,2026-05-09T18:38:24Z
47.455491,-121.415409,1715.000000,2026-05-09T18:38:43Z
47.455538,-121.415422,1719.000000,2026-05-09T18:38:52Z
47.455535,-121.415484,1723.000000,2026-05-09T18:39:10Z
47.455567,-121.415467,1725.000000,2026-05-09T18:39:21Z
47.455627,-121.415477,1728.000000,2026-05-09T18:39:29Z
47.455644,-121.415537,1732.000000,2026-05-09T18:39:43Z
47.455655,-121.415502,1731.000000,2026-05-09T18:39:49Z
47.455681,-121.415552,1733.900000,2026-05-09T18:40:14Z
47.455707,-121.415566,1733.000000,2026-05-09T18:40:19Z
47.455729,-121.415541,1734.000000,2026-05-09T18:40:30Z
47.455767,-121.415574,1737.000000,2026-05-09T18:40:46Z
47.455758,-121.415610,1737.000000,2026-05-09T18:40:50Z
47.455792,-121.415552,1736.000000,2026-05-09T18:40:58Z
47.455806,-121.415601,1738.000000,2026-05-09T18:41:08Z
47.455821,-121.415582,1740.000000,2026-05-09T18:41:15Z
47.455872,-121.415611,1743.000000,2026-05-09T18:41:37Z
47.455953,-121.415631,1746.000000,2026-05-09T18:41:59Z
47.455977,-121.415650,1748.000000,2026-05-09T18:42:15Z
47.455998,-121.415624,1750.000000,2026-05-09T18:42:27Z
47.456061,-121.415662,1755.000000,2026-05-09T18:42:53Z
47.456164,-121.415662,1762.000000,2026-05-09T18:43:44Z
47.456181,-121.415703,1761.000000,2026-05-09T18:44:12Z
47.456223,-121.415724,1763.000000,2026-05-09T18:44:46Z
47.456262,-121.415766,1767.000000,2026-05-09T18:45:04Z
47.456320,-121.415777,1773.000000,2026-05-09T18:45:36Z
47.456361,-121.415653,1764.000000,2026-05-09T18:46:04Z
47.456406,-121.415632,1776.000000,2026-05-09T18:46:33Z
47.456452,-121.415660,1764.000000,2026-05-09T18:47:03Z
47.456511,-121.415744,1786.800000,2026-05-09T18:48:14Z
47.456553,-121.415701,1784.000000,2026-05-09T18:48:25Z
47.456636,-121.415733,1792.000000,2026-05-09T18:49:15Z
47.456674,-121.415814,1795.000000,2026-05-09T18:49:50Z
47.456667,-121.415923,1792.000000,2026-05-09T18:50:15Z
47.456697,-121.415903,1796.000000,2026-05-09T18:50:23Z
47.456739,-121.415925,1800.000000,2026-05-09T18:56:35Z
47.456782,-121.415924,1800.000000,2026-05-09T18:56:56Z
47.456796,-121.415885,1800.000000,2026-05-09T18:57:06Z
47.456857,-121.415921,1806.000000,2026-05-09T18:57:31Z
47.456867,-121.415889,1808.000000,2026-05-09T18:58:06Z
47.456909,-121.415900,1813.400000,2026-05-09T18:58:25Z
47.456963,-121.415941,1809.000000,2026-05-09T18:58:39Z
47.456983,-121.415974,1810.000000,2026-05-09T18:58:50Z
47.457009,-121.415945,1816.000000,2026-05-09T18:59:01Z
47.457035,-121.415977,1816.000000,2026-05-09T18:59:13Z
47.457048,-121.416016,1818.000000,2026-05-09T18:59:19Z
47.457131,-121.416052,1826.000000,2026-05-09T19:00:20Z
47.457157,-121.415977,1826.000000,2026-05-09T19:01:01Z
47.457187,-121.415969,1828.000000,2026-05-09T19:01:08Z
47.457218,-121.415978,1830.000000,2026-05-09T19:01:11Z
47.457241,-121.416003,1829.000000,2026-05-09T19:01:25Z
47.457245,-121.415948,1833.000000,2026-05-09T19:01:40Z
47.457324,-121.415980,1840.000000,2026-05-09T19:02:33Z
47.457414,-121.415981,1843.000000,2026-05-09T19:03:11Z
47.457411,-121.415953,1839.000000,2026-05-09T19:03:47Z
47.457460,-121.416033,1848.000000,2026-05-09T19:05:05Z
47.457488,-121.416052,1845.000000,2026-05-09T19:05:19Z
47.457516,-121.416001,1850.000000,2026-05-09T19:06:01Z
47.457593,-121.416017,1855.000000,2026-05-09T19:06:36Z
47.457625,-121.416044,1854.000000,2026-05-09T19:06:45Z
47.457687,-121.415956,1858.000000,2026-05-09T19:07:12Z
47.457698,-121.415926,1859.000000,2026-05-09T19:07:47Z
47.457742,-121.415934,1863.000000,2026-05-09T19:08:07Z
47.457776,-121.415881,1860.000000,2026-05-09T19:08:29Z
47.457799,-121.415877,1863.000000,2026-05-09T19:08:46Z
47.457849,-121.415816,1872.000000,2026-05-09T19:09:30Z
47.457882,-121.415814,1874.500000,2026-05-09T19:09:38Z
47.457874,-121.415783,1872.000000,2026-05-09T19:09:44Z
47.457928,-121.415763,1882.000000,2026-05-09T19:10:31Z
47.457921,-121.415725,1868.000000,2026-05-09T19:10:50Z
47.458100,-121.415779,1890.000000,2026-05-09T19:12:09Z
47.458145,-121.415773,1890.000000,2026-05-09T19:12:44Z
47.458167,-121.415690,1894.000000,2026-05-09T19:13:11Z
47.458200,-121.415687,1890.000000,2026-05-09T19:13:28Z
47.458252,-121.415573,1904.000000,2026-05-09T19:14:07Z
47.458255,-121.415548,1905.000000,2026-05-09T19:14:17Z
47.458402,-121.415667,1908.000000,2026-05-09T19:14:58Z
47.458430,-121.415756,1905.000000,2026-05-09T19:15:18Z
47.458426,-121.415802,1899.000000,2026-05-09T19:16:09Z
47.458455,-121.415947,1898.000000,2026-05-09T19:17:08Z
47.458517,-121.416048,1899.300000,2026-05-09T19:17:25Z
47.458556,-121.416074,1900.000000,2026-05-09T19:17:32Z
47.458577,-121.416118,1901.000000,2026-05-09T19:17:44Z
47.458608,-121.416127,1902.000000,2026-05-09T19:17:49Z
47.458655,-121.416196,1900.000000,2026-05-09T19:17:58Z
47.458664,-121.416242,1900.000000,2026-05-09T19:18:04Z
47.458716,-121.416283,1902.000000,2026-05-09T19:18:12Z
47.458753,-121.416330,1904.000000,2026-05-09T19:18:20Z
47.458796,-121.416410,1904.000000,2026-05-09T19:18:29Z
47.458863,-121.416469,1910.000000,2026-05-09T19:20:33Z
47.458894,-121.416513,1911.000000,2026-05-09T19:40:19Z
47.458799,-121.416400,1904.000000,2026-05-09T19:41:06Z
47.458778,-121.416342,1902.000000,2026-05-09T19:41:15Z
47.458740,-121.416287,1902.000000,2026-05-09T19:41:25Z
47.458680,-121.416241,1901.000000,2026-05-09T19:41:36Z
47.458667,-121.416202,1900.000000,2026-05-09T19:41:41Z
47.458525,-121.416058,1900.000000,2026-05-09T19:42:13Z
47.458460,-121.415957,1900.000000,2026-05-09T19:42:40Z
47.458458,-121.415891,1902.000000,2026-05-09T19:42:55Z
47.458431,-121.415845,1900.000000,2026-05-09T19:43:18Z
47.458443,-121.415777,1904.000000,2026-05-09T19:43:33Z
47.458424,-121.415683,1908.000000,2026-05-09T19:43:44Z
47.458322,-121.415591,1905.000000,2026-05-09T19:44:04Z
47.458306,-121.415544,1910.000000,2026-05-09T19:45:58Z
47.458314,-121.415504,1904.000000,2026-05-09T19:47:20Z
47.458381,-121.415415,1898.000000,2026-05-09T19:47:54Z
47.458360,-121.415483,1893.000000,2026-05-09T19:47:56Z
47.458326,-121.415468,1893.000000,2026-05-09T19:48:02Z
47.458308,-121.415407,1896.000000,2026-05-09T19:48:16Z
47.458288,-121.415383,1897.000000,2026-05-09T19:48:34Z
47.458311,-121.415396,1894.000000,2026-05-09T19:49:07Z
47.458358,-121.415376,1891.000000,2026-05-09T19:58:57Z
47.458337,-121.415445,1890.000000,2026-05-09T20:00:31Z
47.458370,-121.415519,1892.000000,2026-05-09T20:00:54Z
47.458298,-121.415573,1900.000000,2026-05-09T20:01:46Z
47.458274,-121.415578,1904.000000,2026-05-09T20:02:12Z
47.458225,-121.415650,1900.000000,2026-05-09T20:03:01Z
47.458207,-121.415759,1881.600000,2026-05-09T20:03:56Z
47.458278,-121.415632,1879.000000,2026-05-09T20:03:57Z
47.458231,-121.415680,1891.000000,2026-05-09T20:04:02Z
47.458191,-121.415690,1893.000000,2026-05-09T20:04:05Z
47.458168,-121.415712,1892.000000,2026-05-09T20:04:08Z
47.458169,-121.415745,1893.000000,2026-05-09T20:04:12Z
47.458120,-121.415737,1885.000000,2026-05-09T20:04:22Z
47.458106,-121.415774,1885.000000,2026-05-09T20:04:36Z
47.458064,-121.415774,1881.000000,2026-05-09T20:04:48Z
47.457972,-121.415720,1878.000000,2026-05-09T20:05:18Z
47.457959,-121.415770,1879.000000,2026-05-09T20:05:46Z
47.457948,-121.415740,1875.000000,2026-05-09T20:05:55Z
47.457905,-121.415814,1871.000000,2026-05-09T20:06:48Z
47.457861,-121.415844,1869.000000,2026-05-09T20:07:03Z
47.457846,-121.415881,1866.000000,2026-05-09T20:07:10Z
47.457785,-121.415882,1865.800000,2026-05-09T20:07:41Z
47.457781,-121.415930,1856.000000,2026-05-09T20:08:01Z
47.457738,-121.415922,1862.000000,2026-05-09T20:08:29Z
47.457659,-121.416031,1854.000000,2026-05-09T20:09:18Z
47.457623,-121.416015,1848.000000,2026-05-09T20:09:30Z
47.457525,-121.416000,1848.000000,2026-05-09T20:09:53Z
47.457475,-121.415969,1845.000000,2026-05-09T20:10:09Z
47.457392,-121.415869,1840.000000,2026-05-09T20:10:49Z
47.457364,-121.415891,1840.000000,2026-05-09T20:11:02Z
47.457345,-121.415983,1832.000000,2026-05-09T20:11:25Z
47.457259,-121.415962,1836.000000,2026-05-09T20:11:50Z
47.457254,-121.416016,1831.000000,2026-05-09T20:12:01Z
47.457183,-121.416001,1825.000000,2026-05-09T20:12:23Z
47.457149,-121.416076,1826.000000,2026-05-09T20:12:39Z
47.457069,-121.416037,1819.000000,2026-05-09T20:13:18Z
47.457048,-121.415984,1817.000000,2026-05-09T20:13:28Z
47.457024,-121.415976,1817.000000,2026-05-09T20:13:34Z
47.456951,-121.415920,1811.000000,2026-05-09T20:13:56Z
47.456895,-121.415897,1808.000000,2026-05-09T20:14:19Z
47.456880,-121.415928,1808.000000,2026-05-09T20:14:28Z
47.456806,-121.415906,1800.000000,2026-05-09T20:14:52Z
47.456724,-121.415922,1798.000000,2026-05-09T20:15:20Z
47.456682,-121.415987,1794.000000,2026-05-09T20:16:01Z
47.456657,-121.415985,1788.000000,2026-05-09T20:16:16Z
47.456604,-121.415938,1790.000000,2026-05-09T20:16:47Z
47.456578,-121.415974,1788.000000,2026-05-09T20:16:57Z
47.456495,-121.415818,1782.000000,2026-05-09T20:17:26Z
47.456432,-121.415727,1778.000000,2026-05-09T20:17:47Z
47.456429,-121.415687,1776.000000,2026-05-09T20:17:54Z
47.456410,-121.415643,1764.000000,2026-05-09T20:18:03Z
47.456383,-121.415663,1771.000000,2026-05-09T20:18:12Z
47.456319,-121.415780,1768.000000,2026-05-09T20:18:37Z
47.456194,-121.415711,1763.000000,2026-05-09T20:19:12Z
47.456170,-121.415666,1760.000000,2026-05-09T20:19:27Z
47.456107,-121.415668,1757.000000,2026-05-09T20:19:41Z
47.456044,-121.415649,1750.000000,2026-05-09T20:19:57Z
47.456015,-121.415628,1751.000000,2026-05-09T20:20:05Z
47.455980,-121.415644,1750.000000,2026-05-09T20:20:17Z
47.455943,-121.415609,1745.000000,2026-05-09T20:20:30Z
47.455908,-121.415615,1744.000000,2026-05-09T20:20:35Z
47.455830,-121.415576,1736.000000,2026-05-09T20:20:54Z
47.455778,-121.415590,1738.000000,2026-05-09T20:21:08Z
47.455754,-121.415555,1734.000000,2026-05-09T20:21:15Z
47.455709,-121.415566,1734.000000,2026-05-09T20:21:24Z
47.455675,-121.415528,1725.000000,2026-05-09T20:21:37Z
47.455647,-121.415542,1728.000000,2026-05-09T20:21:49Z
47.455624,-121.415516,1728.000000,2026-05-09T20:21:55Z
47.455628,-121.415488,1728.000000,2026-05-09T20:21:58Z
47.455591,-121.415484,1725.000000,2026-05-09T20:22:10Z
47.455547,-121.415501,1725.000000,2026-05-09T20:23:42Z
47.455519,-121.415430,1720.000000,2026-05-09T20:24:54Z
47.455473,-121.415417,1720.000000,2026-05-09T20:25:02Z
47.455418,-121.415482,1716.000000,2026-05-09T20:25:14Z
47.455388,-121.415471,1716.000000,2026-05-09T20:25:19Z
47.455312,-121.415403,1714.000000,2026-05-09T20:25:37Z
47.455263,-121.415401,1712.000000,2026-05-09T20:25:52Z
47.455171,-121.415303,1702.000000,2026-05-09T20:26:22Z
47.455039,-121.415186,1694.000000,2026-05-09T20:26:56Z
47.454808,-121.415105,1691.000000,2026-05-09T20:27:31Z
47.454753,-121.415076,1692.000000,2026-05-09T20:27:39Z
47.454683,-121.415089,1688.000000,2026-05-09T20:27:47Z
47.454633,-121.415022,1688.000000,2026-05-09T20:27:59Z
47.454568,-121.414990,1680.000000,2026-05-09T20:28:11Z
47.454511,-121.414947,1683.000000,2026-05-09T20:28:22Z
47.454466,-121.414947,1683.000000,2026-05-09T20:28:36Z
47.454442,-121.414926,1677.000000,2026-05-09T20:28:47Z
47.454389,-121.414909,1680.000000,2026-05-09T20:29:03Z
47.454371,-121.414939,1680.000000,2026-05-09T20:29:09Z
47.454194,-121.415022,1668.000000,2026-05-09T20:29:46Z
47.454188,-121.415068,1670.000000,2026-05-09T20:29:52Z
47.454196,-121.415114,1666.000000,2026-05-09T20:30:00Z
47.454175,-121.415131,1667.000000,2026-05-09T20:30:07Z
47.454147,-121.415099,1663.000000,2026-05-09T20:30:20Z
47.454068,-121.415145,1662.000000,2026-05-09T20:30:54Z
47.454012,-121.415106,1659.000000,2026-05-09T20:31:08Z
47.453991,-121.415131,1658.000000,2026-05-09T20:31:13Z
47.453943,-121.415140,1655.000000,2026-05-09T20:31:25Z
47.453911,-121.415217,1652.000000,2026-05-09T20:31:42Z
47.453837,-121.415176,1650.000000,2026-05-09T20:32:13Z
47.453786,-121.415163,1649.000000,2026-05-09T20:32:33Z
47.453756,-121.415174,1647.000000,2026-05-09T20:32:38Z
47.453693,-121.415261,1638.000000,2026-05-09T20:32:58Z
47.453644,-121.415301,1640.000000,2026-05-09T20:33:12Z
47.453621,-121.415342,1634.000000,2026-05-09T20:33:26Z
47.453601,-121.415311,1633.000000,2026-05-09T20:33:36Z
47.453564,-121.415312,1630.000000,2026-05-09T20:33:52Z
47.453532,-121.415276,1632.000000,2026-05-09T20:34:04Z
47.453493,-121.415303,1629.000000,2026-05-09T20:34:16Z
47.453400,-121.415417,1616.000000,2026-05-09T20:34:46Z
47.453366,-121.415343,1618.000000,2026-05-09T20:35:19Z
47.453325,-121.415349,1612.000000,2026-05-09T20:35:43Z
47.453301,-121.415311,1614.000000,2026-05-09T20:35:55Z
47.453296,-121.415284,1612.000000,2026-05-09T20:36:12Z
47.453178,-121.415338,1605.000000,2026-05-09T20:37:00Z
47.453137,-121.415346,1601.000000,2026-05-09T20:37:17Z
47.453129,-121.415303,1600.000000,2026-05-09T20:37:26Z
47.453112,-121.415276,1600.000000,2026-05-09T20:37:32Z
47.453090,-121.415327,1600.000000,2026-05-09T20:37:43Z
47.453057,-121.415302,1598.000000,2026-05-09T20:37:58Z
47.453035,-121.415344,1595.000000,2026-05-09T20:38:05Z
47.452990,-121.415387,1593.000000,2026-05-09T20:38:18Z
47.452957,-121.415438,1593.000000,2026-05-09T20:38:30Z
47.452936,-121.415397,1590.000000,2026-05-09T20:38:42Z
47.452910,-121.415418,1592.000000,2026-05-09T20:39:49Z
47.452898,-121.415379,1584.000000,2026-05-09T20:40:17Z
47.452844,-121.415389,1584.000000,2026-05-09T20:40:34Z
47.452826,-121.415416,1582.000000,2026-05-09T20:40:37Z
47.452782,-121.415278,1573.000000,2026-05-09T20:41:07Z
47.452744,-121.415289,1574.000000,2026-05-09T20:41:24Z
47.452684,-121.415174,1569.000000,2026-05-09T20:42:03Z
47.452640,-121.415235,1563.000000,2026-05-09T20:42:18Z
47.452594,-121.415162,1556.000000,2026-05-09T20:43:02Z
47.452565,-121.415055,1555.000000,2026-05-09T20:43:29Z
47.452434,-121.415135,1543.000000,2026-05-09T20:44:51Z
47.452396,-121.415066,1536.000000,2026-05-09T20:45:26Z
47.452369,-121.415095,1538.000000,2026-05-09T20:45:39Z
47.452329,-121.414952,1532.000000,2026-05-09T20:46:30Z
47.452309,-121.414915,1521.000000,2026-05-09T20:46:44Z
47.452291,-121.414944,1528.000000,2026-05-09T20:46:52Z
47.452296,-121.414870,1525.000000,2026-05-09T20:47:07Z
47.452284,-121.414794,1525.000000,2026-05-09T20:47:16Z
47.452249,-121.414694,1519.000000,2026-05-09T20:47:41Z
47.452201,-121.414626,1520.000000,2026-05-09T20:48:11Z
47.452164,-121.414604,1516.000000,2026-05-09T20:48:23Z
47.451987,-121.414749,1504.000000,2026-05-09T20:49:24Z
47.451919,-121.414681,1505.000000,2026-05-09T20:49:49Z
47.451810,-121.414628,1500.000000,2026-05-09T20:50:15Z
47.451760,-121.414668,1495.000000,2026-05-09T20:50:22Z
47.451725,-121.414663,1495.000000,2026-05-09T20:50:27Z
47.451705,-121.414695,1496.000000,2026-05-09T20:50:31Z
47.451652,-121.414726,1496.000000,2026-05-09T20:50:38Z
47.451585,-121.414726,1497.000000,2026-05-09T20:50:45Z
47.451552,-121.414743,1497.000000,2026-05-09T20:50:48Z
47.451550,-121.414819,1492.000000,2026-05-09T20:50:54Z
47.451532,-121.414852,1490.000000,2026-05-09T20:50:58Z
47.451499,-121.414854,1490.000000,2026-05-09T20:51:03Z
47.451464,-121.414844,1488.000000,2026-05-09T20:51:08Z
47.451416,-121.414795,1490.000000,2026-05-09T20:51:14Z
47.451370,-121.414775,1489.000000,2026-05-09T20:51:27Z
47.451328,-121.414688,1484.000000,2026-05-09T20:51:47Z
47.451330,-121.414649,1481.000000,2026-05-09T20:51:52Z
47.451352,-121.414607,1481.000000,2026-05-09T20:52:28Z
47.451292,-121.414545,1474.000000,2026-05-09T20:53:17Z
47.451278,-121.414566,1472.000000,2026-05-09T20:53:31Z
47.451222,-121.414591,1470.000000,2026-05-09T20:53:42Z
47.451132,-121.414700,1470.000000,2026-05-09T20:54:06Z
47.451109,-121.414760,1461.000000,2026-05-09T20:54:27Z
47.451060,-121.414813,1456.000000,2026-05-09T20:54:53Z
47.450998,-121.415007,1455.000000,2026-05-09T20:55:28Z
47.450974,-121.415029,1452.000000,2026-05-09T20:55:33Z
47.450940,-121.415008,1455.000000,2026-05-09T20:55:39Z
47.450916,-121.414941,1453.000000,2026-05-09T20:55:52Z
47.450814,-121.414867,1449.000000,2026-05-09T20:56:35Z
47.450788,-121.414877,1448.000000,2026-05-09T20:56:41Z
47.450745,-121.414916,1443.000000,2026-05-09T20:57:02Z
47.450754,-121.414863,1446.000000,2026-05-09T20:57:28Z
47.450709,-121.414787,1440.000000,2026-05-09T20:57:47Z
47.450682,-121.414773,1442.000000,2026-05-09T20:57:59Z
47.450641,-121.414767,1440.000000,2026-05-09T20:58:12Z
47.450580,-121.414774,1428.000000,2026-05-09T20:58:36Z
47.450537,-121.414760,1430.000000,2026-05-09T20:58:52Z
47.450499,-121.414822,1426.000000,2026-05-09T20:59:08Z
47.450464,-121.414838,1427.000000,2026-05-09T20:59:14Z
47.450479,-121.414819,1424.000000,2026-05-09T20:59:23Z
47.450439,-121.414763,1426.000000,2026-05-09T20:59:42Z
47.450365,-121.414808,1434.000000,2026-05-09T21:00:09Z
47.450418,-121.414748,1428.000000,2026-05-09T21:00:29Z
47.450366,-121.414692,1420.000000,2026-05-09T21:00:56Z
47.450323,-121.414720,1420.000000,2026-05-09T21:01:03Z
47.450320,-121.414752,1418.000000,2026-05-09T21:01:15Z
47.450317,-121.414684,1412.000000,2026-05-09T21:01:39Z
47.450300,-121.414720,1413.000000,2026-05-09T21:01:49Z
47.450298,-121.414691,1413.400000,2026-05-09T21:01:51Z
47.450243,-121.414690,1404.000000,2026-05-09T21:02:29Z
47.450217,-121.414723,1404.000000,2026-05-09T21:02:40Z
47.450202,-121.414776,1400.000000,2026-05-09T21:02:54Z
47.450155,-121.414796,1400.000000,2026-05-09T21:03:09Z
47.450173,-121.414738,1398.000000,2026-05-09T21:03:32Z
47.450150,-121.414694,1393.000000,2026-05-09T21:03:43Z
47.450088,-121.414708,1386.000000,2026-05-09T21:04:06Z
47.450053,-121.414724,1384.000000,2026-05-09T21:04:26Z
47.450027,-121.414801,1374.000000,2026-05-09T21:05:19Z
47.449997,-121.414773,1368.000000,2026-05-09T21:05:47Z
47.449942,-121.414798,1371.000000,2026-05-09T21:06:28Z
47.449922,-121.414844,1365.000000,2026-05-09T21:07:10Z
47.449882,-121.414868,1371.000000,2026-05-09T21:07:52Z
47.449822,-121.414814,1364.000000,2026-05-09T21:08:42Z
47.449806,-121.414862,1360.000000,2026-05-09T21:09:13Z
47.449761,-121.414877,1358.000000,2026-05-09T21:09:49Z
47.449667,-121.414852,1356.000000,2026-05-09T21:10:32Z
47.449658,-121.414952,1344.000000,2026-05-09T21:11:09Z
47.449634,-121.414915,1347.000000,2026-05-09T21:11:24Z
47.449563,-121.414872,1343.000000,2026-05-09T21:11:55Z
47.449561,-121.414834,1350.000000,2026-05-09T21:12:12Z
47.449490,-121.414764,1350.000000,2026-05-09T21:12:25Z
47.449473,-121.414731,1348.000000,2026-05-09T21:12:30Z
47.449437,-121.414713,1348.000000,2026-05-09T21:12:34Z
47.449416,-121.414672,1345.000000,2026-05-09T21:12:39Z
47.449316,-121.414634,1348.800000,2026-05-09T21:13:01Z
47.449209,-121.414628,1340.000000,2026-05-09T21:13:49Z
47.449141,-121.414770,1332.000000,2026-05-09T21:15:10Z
47.449117,-121.414795,1331.000000,2026-05-09T21:15:25Z
47.449105,-121.414846,1332.000000,2026-05-09T21:15:37Z
47.449061,-121.414874,1328.000000,2026-05-09T21:15:55Z
47.449004,-121.414962,1314.000000,2026-05-09T21:16:53Z
47.449000,-121.415019,1326.000000,2026-05-09T21:17:21Z
47.448976,-121.415053,1320.000000,2026-05-09T21:17:39Z
47.448933,-121.415067,1322.000000,2026-05-09T21:18:13Z
47.448910,-121.415110,1313.000000,2026-05-09T21:18:25Z
47.448948,-121.415174,1312.000000,2026-05-09T21:19:06Z
47.448914,-121.415223,1306.000000,2026-05-09T21:20:04Z
47.448896,-121.415304,1299.000000,2026-05-09T21:20:53Z
47.448820,-121.415322,1300.000000,2026-05-09T21:22:00Z
47.448803,-121.415340,1297.000000,2026-05-09T21:22:21Z
47.448805,-121.415387,1296.000000,2026-05-09T21:22:44Z
47.448771,-121.415367,1298.300000,2026-05-09T21:22:47Z
47.448782,-121.415393,1295.000000,2026-05-09T21:22:50Z
47.448791,-121.415536,1292.000000,2026-05-09T21:23:20Z
47.448702,-121.415637,1293.000000,2026-05-09T21:23:56Z
47.448694,-121.415671,1294.000000,2026-05-09T21:24:00Z
47.448664,-121.415663,1289.000000,2026-05-09T21:24:16Z
47.448653,-121.415748,1284.000000,2026-05-09T21:24:32Z
47.448549,-121.415817,1273.000000,2026-05-09T21:25:16Z
47.448523,-121.415800,1276.000000,2026-05-09T21:25:32Z
47.448504,-121.415832,1275.000000,2026-05-09T21:25:39Z
47.448470,-121.415859,1276.000000,2026-05-09T21:25:47Z
47.448441,-121.415848,1276.000000,2026-05-09T21:25:52Z
47.448481,-121.415871,1275.000000,2026-05-09T21:25:55Z
47.448437,-121.415858,1277.000000,2026-05-09T21:26:05Z
47.448345,-121.415979,1274.000000,2026-05-09T21:26:43Z
47.448295,-121.415975,1272.000000,2026-05-09T21:26:53Z
47.448239,-121.416001,1267.000000,2026-05-09T21:27:07Z
47.448209,-121.416030,1265.000000,2026-05-09T21:27:13Z
47.448177,-121.416016,1266.000000,2026-05-09T21:27:21Z
47.448110,-121.416089,1266.000000,2026-05-09T21:27:43Z
47.448036,-121.416202,1260.000000,2026-05-09T21:28:47Z
47.448001,-121.416204,1260.000000,2026-05-09T21:28:52Z
47.448002,-121.416269,1258.000000,2026-05-09T21:29:06Z
47.448031,-121.416296,1256.000000,2026-05-09T21:29:18Z
47.448003,-121.416356,1258.000000,2026-05-09T21:29:26Z
47.448009,-121.416399,1246.000000,2026-05-09T21:29:39Z
47.447963,-121.416380,1251.000000,2026-05-09T21:29:49Z
47.447877,-121.416428,1252.000000,2026-05-09T21:30:05Z
47.447851,-121.416394,1250.000000,2026-05-09T21:30:09Z
47.447819,-121.416425,1251.000000,2026-05-09T21:30:14Z
47.447748,-121.416436,1248.000000,2026-05-09T21:30:27Z
47.447738,-121.416499,1251.000000,2026-05-09T21:30:40Z
47.447718,-121.416529,1247.000000,2026-05-09T21:30:48Z
47.447695,-121.416507,1247.000000,2026-05-09T21:30:55Z
47.447699,-121.416558,1246.000000,2026-05-09T21:31:05Z
47.447653,-121.416545,1240.000000,2026-05-09T21:31:17Z
47.447623,-121.416549,1236.000000,2026-05-09T21:31:27Z
47.447573,-121.416570,1235.000000,2026-05-09T21:31:39Z
47.447561,-121.416607,1234.000000,2026-05-09T21:31:46Z
47.447525,-121.416564,1236.000000,2026-05-09T21:31:56Z
47.447528,-121.416612,1236.000000,2026-05-09T21:32:05Z
47.447512,-121.416654,1239.000000,2026-05-09T21:32:11Z
47.447480,-121.416681,1241.000000,2026-05-09T21:32:18Z
47.447492,-121.416635,1242.700000,2026-05-09T21:32:23Z
47.447492,-121.416675,1242.000000,2026-05-09T21:32:25Z
47.447440,-121.416685,1235.000000,2026-05-09T21:32:48Z
47.447418,-121.416651,1233.000000,2026-05-09T21:32:56Z
47.447373,-121.416630,1230.000000,2026-05-09T21:33:07Z
47.447347,-121.416596,1224.000000,2026-05-09T21:33:33Z
47.447276,-121.416669,1228.000000,2026-05-09T21:34:21Z
47.447253,-121.416637,1230.800000,2026-05-09T21:34:30Z
47.447248,-121.416607,1224.000000,2026-05-09T21:34:33Z
47.447209,-121.416623,1219.000000,2026-05-09T21:34:47Z
47.447265,-121.416862,1220.000000,2026-05-09T21:35:14Z
47.447298,-121.416960,1217.000000,2026-05-09T21:35:23Z
47.447331,-121.416970,1211.000000,2026-05-09T21:35:35Z
47.447332,-121.417041,1212.000000,2026-05-09T21:35:50Z
47.447291,-121.417042,1212.000000,2026-05-09T21:36:08Z
47.447266,-121.417036,1209.000000,2026-05-09T21:36:16Z
47.447244,-121.416957,1202.000000,2026-05-09T21:36:35Z
47.447255,-121.416997,1208.000000,2026-05-09T21:36:52Z
47.447230,-121.417077,1206.000000,2026-05-09T21:36:59Z
47.447277,-121.417186,1202.000000,2026-05-09T21:37:24Z
47.447294,-121.417159,1199.000000,2026-05-09T21:37:36Z
47.447314,-121.417173,1198.000000,2026-05-09T21:37:46Z
47.447349,-121.417223,1199.800000,2026-05-09T21:37:51Z
47.447381,-121.417244,1190.000000,2026-05-09T21:37:59Z
47.447370,-121.417273,1195.000000,2026-05-09T21:38:10Z
47.447320,-121.417267,1198.000000,2026-05-09T21:38:16Z
47.447272,-121.417220,1193.000000,2026-05-09T21:38:23Z
47.447231,-121.417247,1188.000000,2026-05-09T21:38:36Z
47.447104,-121.417181,1176.000000,2026-05-09T21:39:13Z
47.447080,-121.417129,1180.000000,2026-05-09T21:39:30Z
47.447025,-121.417193,1182.000000,2026-05-09T21:39:45Z
47.446989,-121.417197,1181.000000,2026-05-09T21:39:50Z
47.446955,-121.417135,1178.000000,2026-05-09T21:40:08Z
47.446899,-121.417141,1181.000000,2026-05-09T21:40:23Z
47.446862,-121.417055,1172.000000,2026-05-09T21:40:49Z
47.446807,-121.417061,1173.000000,2026-05-09T21:41:15Z
47.446835,-121.417246,1167.000000,2026-05-09T21:42:00Z
47.446811,-121.417192,1167.000000,2026-05-09T21:42:05Z
47.446660,-121.417261,1164.000000,2026-05-09T21:42:40Z
47.446636,-121.417228,1161.000000,2026-05-09T21:42:47Z
47.446619,-121.417223,1158.000000,2026-05-09T21:42:58Z
47.446548,-121.417232,1155.000000,2026-05-09T21:43:33Z
47.446497,-121.417226,1155.000000,2026-05-09T21:43:41Z
47.446448,-121.417268,1155.000000,2026-05-09T21:44:00Z
47.446462,-121.417329,1146.000000,2026-05-09T21:44:24Z
47.446462,-121.417383,1150.000000,2026-05-09T21:44:31Z
47.446497,-121.417421,1135.000000,2026-05-09T21:44:53Z
47.446487,-121.417537,1142.000000,2026-05-09T21:45:33Z
47.446491,-121.417616,1135.000000,2026-05-09T21:46:10Z
47.446563,-121.417781,1130.000000,2026-05-09T21:47:03Z
47.446567,-121.417845,1116.000000,2026-05-09T21:47:49Z
47.446631,-121.417923,1118.000000,2026-05-09T21:48:32Z
47.446653,-121.417989,1120.000000,2026-05-09T21:48:46Z
47.446688,-121.418017,1122.000000,2026-05-09T21:48:55Z
47.446723,-121.418025,1109.000000,2026-05-09T21:49:12Z
47.446742,-121.418101,1115.000000,2026-05-09T21:49:47Z
47.446742,-121.418170,1112.000000,2026-05-09T21:50:00Z
47.446728,-121.418243,1113.000000,2026-05-09T21:50:10Z
47.446738,-121.418273,1113.000000,2026-05-09T21:50:17Z
47.446687,-121.418419,1105.000000,2026-05-09T21:51:00Z
47.446631,-121.418488,1104.500000,2026-05-09T21:51:24Z
47.446556,-121.418542,1100.000000,2026-05-09T21:51:51Z
47.446533,-121.418515,1098.000000,2026-05-09T21:52:20Z
47.446471,-121.418535,1088.000000,2026-05-09T21:52:53Z
47.446452,-121.418571,1090.000000,2026-05-09T21:53:03Z
47.446395,-121.418612,1086.000000,2026-05-09T21:53:55Z
47.446368,-121.418653,1080.000000,2026-05-09T21:54:22Z
47.446322,-121.418665,1078.000000,2026-05-09T21:54:44Z
47.446285,-121.418687,1066.000000,2026-05-09T21:55:14Z
47.446264,-121.418687,1076.000000,2026-05-09T21:55:44Z
47.446189,-121.418735,1071.000000,2026-05-09T21:56:28Z
47.446130,-121.418883,1066.000000,2026-05-09T21:57:16Z
47.446098,-121.418927,1064.000000,2026-05-09T21:57:30Z
47.446055,-121.419020,1060.000000,2026-05-09T21:57:46Z
47.446094,-121.419085,1056.000000,2026-05-09T21:57:53Z
47.446099,-121.419125,1056.000000,2026-05-09T21:57:55Z
47.446134,-121.419183,1054.000000,2026-05-09T21:58:02Z
47.446151,-121.419244,1054.000000,2026-05-09T21:58:07Z
47.446199,-121.419307,1050.000000,2026-05-09T21:58:18Z
47.446189,-121.419374,1048.000000,2026-05-09T21:58:26Z
47.446164,-121.419396,1043.000000,2026-05-09T21:58:31Z
47.446146,-121.419438,1045.000000,2026-05-09T21:58:37Z
47.446108,-121.419484,1044.000000,2026-05-09T21:58:47Z
47.446049,-121.419488,1043.000000,2026-05-09T21:58:56Z
47.446003,-121.419517,1036.000000,2026-05-09T21:59:08Z
47.445983,-121.419597,1032.000000,2026-05-09T21:59:18Z
47.445920,-121.419607,1032.000000,2026-05-09T21:59:29Z
47.445881,-121.419600,1032.000000,2026-05-09T21:59:33Z
47.445858,-121.419571,1032.000000,2026-05-09T21:59:36Z
47.445819,-121.419565,1029.000000,2026-05-09T21:59:43Z
47.445806,-121.419608,1026.000000,2026-05-09T21:59:48Z
47.445690,-121.419571,1024.000000,2026-05-09T22:00:04Z
47.445609,-121.419600,1014.000000,2026-05-09T22:00:22Z
47.445584,-121.419636,1020.700000,2026-05-09T22:00:36Z
47.445527,-121.419625,1018.000000,2026-05-09T22:00:51Z
47.445503,-121.419695,1015.000000,2026-05-09T22:01:12Z
47.445475,-121.419703,1014.000000,2026-05-09T22:01:24Z
47.445458,-121.419726,1012.000000,2026-05-09T22:01:35Z
47.445419,-121.419749,1008.000000,2026-05-09T22:01:53Z
47.445378,-121.419873,1008.000000,2026-05-09T22:02:13Z
47.445355,-121.419886,1007.000000,2026-05-09T22:02:20Z
47.445347,-121.419930,1005.000000,2026-05-09T22:02:25Z
47.445354,-121.420034,1000.000000,2026-05-09T22:02:43Z
47.445332,-121.420060,1000.000000,2026-05-09T22:02:52Z
47.445290,-121.420226,994.000000,2026-05-09T22:03:27Z
47.445266,-121.420261,994.000000,2026-05-09T22:03:39Z
47.445239,-121.420377,992.000000,2026-05-09T22:03:58Z
47.445225,-121.420448,988.000000,2026-05-09T22:04:10Z
47.445234,-121.420486,990.000000,2026-05-09T22:04:13Z
47.445264,-121.420482,987.000000,2026-05-09T22:04:18Z
47.445292,-121.420577,985.000000,2026-05-09T22:04:35Z
47.445209,-121.420695,984.000000,2026-05-09T22:04:50Z
47.445199,-121.420803,984.000000,2026-05-09T22:05:10Z
47.445239,-121.420859,984.000000,2026-05-09T22:05:18Z
47.445232,-121.420903,981.000000,2026-05-09T22:05:22Z
47.445210,-121.420934,980.000000,2026-05-09T22:05:26Z
47.445239,-121.420951,981.700000,2026-05-09T22:05:29Z
47.445305,-121.421293,978.000000,2026-05-09T22:05:58Z
47.445309,-121.421379,978.000000,2026-05-09T22:06:04Z
47.445298,-121.421461,976.000000,2026-05-09T22:06:08Z
47.445232,-121.421673,972.000000,2026-05-09T22:06:24Z
47.445204,-121.421840,968.000000,2026-05-09T22:06:36Z
47.445185,-121.422047,965.000000,2026-05-09T22:06:55Z
47.445184,-121.422217,963.000000,2026-05-09T22:07:09Z
47.445308,-121.423438,952.000000,2026-05-09T22:08:30Z
47.445267,-121.423393,951.000000,2026-05-09T22:08:38Z
47.445167,-121.423360,950.000000,2026-05-09T22:08:45Z
47.445148,-121.423389,951.000000,2026-05-09T22:08:47Z
47.445141,-121.423437,951.600000,2026-05-09T22:08:51Z
